도쿄 / 일본	1	34,400,000	7,835	0.15	8,489,653	621	12,576,601	2,187	2005-10-01	33,800,000
서울 / 한국	2	20,010,000	1,943	0.43	10,020,123	605			2006-07-01	23,800,000
멕시코 시티 / 멕시코	3	18,430,000	2,137	0.60			18,204,964		2006-07-01	22,800,000
뭄바이 (봄베이) / 인도	4	19,530,000	777	2.00	11,914,398	466	16,368,084	1,041	2001-03-01	22,200,000
델리 / 인도	5	18,000,000	1,425	2.40	9,817,439	431	12,791,458	624	2001-03-01	22,200,000
뉴욕 (뉴욕) / 미국	6	20,090,000	11,264	0.24	8,143,197	783			2005-07-01	21,900,000
자카르타 / 인도네시아	7	21,800,000	2,720	2.38	8,640,184	740			2003-07-01	15,100,000
상파울루 / 브라질	8	19,140,000	2,590	0.78	11,016,703	1,493			2005-07-01	20,900,000
마닐라 / 필리핀	9	19,550,000	1,425	2.31	1,581,082	614			2000-10-01	19,000,000
로스 앤젤레스 (캘리포니아) / 미국	10	14,730,000	5,812	0.79	3,844,829	1,217			2005-07-01	18,000,000
상하이 / 중국	11	14,460,000	2,396	1.54	14,348,535				2000-11-01	17,900,000
오사카 / 일본	12	17,270,000	2,720	0.04	2,628,811	222			2005-10-01	16,700,000
카이로 / 이집트	13	16,750,000	1,269	1.53	6,758,581				2006-11-11	14,700,000
콜카타 (캘커타) / 인도	14	15,010,000	984	1.83	4,580,544	185	13,216,546	897	2001-03-01	16,000,000
카라치 / 파키스탄	15	9,380,000	881	2.54	9,339,023				1998-03-02	15,600,000
광저우 (캔턴) / 중국	16	11,810,000	2,590	1.48	8,524,826				2000-11-01	15,200,000
부에노스 아이레스 / 아르헨티나	17	12,390,000	2,590	0.46	2,965,403		11,298,030		1991-10-15	13,800,000
모스크바 / 러시아	18	13,260,000	4,533	0.20	10,433,869				2006-07-01	13,500,000
베이징 (북경) / 중국	19	12,770,000	2,616	1.60	11,509,595				2000-11-01	13,100,000
다카 / 방글라데시	20	7,310,000	311	2.86			5,333,571	154	2001-01-22	13,000,000
이스탄불 / 터키	21	11,220,000	1,256	1.11			9,555,719		2003-07-01	12,400,000
리우 데 자네이로 / 브라질	22	11,160,000	1,580	0.79	6,136,652	1,256			2005-07-01	12,400,000
이란 / 이란	23	8,000,000	635	1.27	7,188,936				2003-07-01	12,400,000
런던 / 영국	24	8,320,000	1,623	0.07			8,278,251		2001-04-29	12,300,000
선전 / 중국	25	11,710,000	1,295	2.10	7,008,831				2000-11-01	9,550,000
라고스 / 나이지리아	26	8,860,000	971	2.99	5,195,247				1991-11-26	11,300,000
파리 / 프랑스	27	10,430,000	3,043	0.09	2,125,017	105			1999-03-08	10,000,000
시카고 (일리노이) / 미국	28	9,030,000	5,952	0.54	2,842,518	588			2005-07-01	9,800,000
충칭 (Chungking) / 중국	29	4,150,000	570	1.27	9,691,901				2000-11-01	6,350,000
나고야 / 일본	30	9,250,000	3,302	0.27	2,215,062	326			2005-10-01	8,300,000
우한 / 중국	31	5,240,000	712	1.36	8,312,700				2000-11-01	8,950,000
리마 / 페루	32	7,750,000	648	1.08	5,681,941				2005-07-18	8,850,000
방콕 / 태국	33	8,290,000	1,502	1.19			6,858,000	1,569	2006-07-01	8,750,000
보고타 / 콜롬비아	34	7,440,000	414	1.34			6,945,216	1,605	2006-07-01	8,550,000
킨샤사 / 대만을 대표해서 기무라가 콩고의	35	8,190,000	622	4.38						8,500,000
라호르 / 파키스탄	36	6,810,000	583	2.63	5,143,495				1998-03-02	8,200,000
미국 (워싱턴) / 미국	37	4,260,000	2,996	1.00	550,521	158			2005-07-01	8,200,000
천진 (톈진) / 중국	38	7,200,000	1,295	1.28	7,499,181				2000-11-01	8,150,000
첸나이 (마드라스) / 인도	39	7,320,000	414	1.88	4,216,268	174	6,424,624	612	2001-03-01	8,000,000
동관 / 중국	40	7,650,000	1,295	1.79	6,445,777				2000-11-01	5,700,000
방갈로르 / 인도	41	6,660,000	648	2.25	4,292,223		5,686,844	446	2001-03-01	7,550,000
하이 데 라 바드 / 인도	42	6,610,000	790	2.07	3,449,878		5,533,640		2001-03-01	7,300,000
요하네스 버그 / 남아 프리카 공화국	43	6,470,000	2,396	1.08	752,349				1996-10-10	7,300,000
샌프란 시스코 (CA)을 / 미국	44	5,450,000	2,497	0.31	739,426	121			2005-07-01	7,300,000
에센 / 독일	45	7,250,000	2,642	0.00	599,515	210			1999-07-01	5,700,000
홍콩 / 중국 - 홍콩	46	6,950,000	220	0.89	6,857,100	1,104			2006-07-01	7,150,000
타이 페이 / 중국 (Taiwain)	47	6,820,000	440	1.20	2,640,322				1999-07-01	6,750,000
호치민시 (사이공) / 베트남	48	6,710,000	609	2.40	3,015,743	140			1992-07-01	5,650,000
바그다드 / 이라크	49	6,000,000	596	1.77	3,841,268				1987-10-17	6,350,000
달라스 (텍사스) / 미국	50	5,160,000	3,959	1.89	1,213,825	881			2005-07-01	6,300,000
마드리드 / 스페인	51	5,130,000	945	0.65	3,128,600	6,058			2006-01-01	6,100,000
필라델피아 (펜실바니아) / 미국	52	5,270,000	4,661	0.30	1,463,281	347			2005-07-01	6,000,000
산티아고 / 칠레	53	5,630,000	790	0.72	5,890,745				2006-06-30	5,900,000
벨로리존테 / 브라질	54	4,640,000	1,010	1.21	2,399,920	335			2005-07-01	5,850,000
토론토 / 캐나다	55	5,790,000	2,279	1.03			5,406,324	5,903	2006-07-01	5,650,000
아마 다 바드 / 인도	56	5,060,000	202	2.26	3,515,361		4,519,278		2001-03-01	5,750,000
휴스턴 (텍사스) / 미국	57	4,550,000	3,463	1.90	2,016,582	1,524			2005-07-01	5,750,000
디트로이트 (미시간) / 미국	58	3,860,000	3,267	−0.13	886,671	359			2005-07-01	5,700,000
보스톤 (석사) / 미국	59	4,750,000	5,501	0.23	559,034	125			2005-07-01	5,650,000
애틀랜타 (조지아) / 미국	60	4,160,000	5,083	2.19	470,688	341			2005-07-01	5,650,000
알허트툼 / 수단	61	4,600,000	583	2.83	947,483		2,919,773		1993-04-15	5,600,000
청두 / 중국	62	3,860,000	570	1.22	4,333,541				2000-11-01	5,600,000
마이애미 (플로리다) / 미국	63	5,220,000	2,891	0.76	386,417	93			2005-07-01	5,500,000
쿠알라룸푸르 / 말레이시아	64	5,470,000	2,137	2.35	1,145,342				1991-08-14	4,650,000
선양 / 중국	65	4,560,000	777	1.17	5,303,053				2000-11-01	5,150,000
아르 리야드 / 사우디 아라비아	66	4,460,000	1,321	2.04	4,087,152				2004-09-15	4,925,000
카라카스 / 베네수엘라	67	2,670,000	272	0.94	1,975,294	433			1998-07-01	4,925,000
양곤 (랑군) / 미얀마	68	4,220,000	350	2.02						4,825,000
시안 (Sian) / 중국	69	3,340,000	531	1.37	4,481,508				2000-11-01	4,800,000
상트 페 테르 부르크 (레닌 그라드) / 러시아	70	4,570,000	1,191	−0.13	4,575,902				2006-07-01	4,750,000
푸네 / 인도	71	4,470,000	220	2.51	2,540,069	146	3,755,525	423	2001-03-01	4,725,000
싱가포르 / 싱가포르	72	4,320,000	479	0.96	4,483,900				2006-07-01	4,675,000
구아 달라하라 / 멕시코	73	4,090,000	712	1.19			3,833,866		2006-07-01	4,525,000
알렉산드 리아 / 이집트	74	4,150,000	293	1.82	3,339,076				1996-11-19	4,475,000
Chittagong / 방글라데시	75'						2,023,489	168	2001-01-22	4,475,000
시드니 / 호주	76	3,680,000	1,788	0.60	4,255,954	12,140			2005-06-30	4,375,000
피닉스 (AZ에) / 미국	77	3,540,000	2,069	2.51	1,461,575	1,328			2005-07-01	4,375,000
엘자 자이르 / 알제리	78	3,390,000	453	1.98	1,569,897				1998-06-25	4,350,000
하얼빈 (Haerbin) / 중국	79	2,980,000	570	1.00	3,481,504				2000-11-01	4,350,000
아비장 / 코트 디부 아르	80	3,790,000	298	2.79	1,929,079				1988-03-01	4,325,000
베를린 / 독일	81	3,690,000	984	0.06	3,386,667	891			1999-07-01	4,275,000
포르투 알레그레 / 브라질	82	3,440,000	777	1.12	1,440,939				2005-07-01	4,275,000
바르셀로나 / 스페인	83	4,040,000	803	0.51	1,605,602	991			2006-01-01	4,225,000
밀란 (밀라노) / 이탈리아	84	4,190,000	2,370	−0.02	1,306,086	182			2006-07-01	3,575,000
남경 (난징) / 중국	85	4,150,000	686	1.27	3,624,234				2000-11-01	2,075,000
몬테레이 / 멕시코	86	3,650,000	712	1.21			3,473,088		2006-07-01	4,075,000
산터우 / 중국	87				1,270,112				2000-11-01	4,050,000
수랏 / 인도	88	3,210,000	109	1.91	2,433,787		2,811,466		2001-03-01	4,025,000
항주 (Hangchow) / 중국	89	3,410,000	712	1.61	2,451,319				2000-11-01	4,000,000
카사블랑카 (에스 - 엘 - Beida) / 모로코	90	2,930,000	220	1.16	3,389,000				2003-07-01	3,975,000
시애틀 (워싱턴) / 미국	91	2,790,000	2,470	0.35	573,911	217			2005-07-01	3,950,000
ANKARA / 터키	92	3,810,000	583	1.48			3,729,453		2003-07-01	3,900,000
멜버른 / 호주	93	3,420,000	2,152	0.70	3,635,508	7,690			2005-06-30	3,875,000
레시페 / 브라질	94	3,490,000	414	1.20	1,515,052				2005-07-01	3,850,000
남미 / 브라질	95'				2,383,784	5,794			2005-07-01	3,850,000
할라브 / 시리아	96	2,360,000	210	2.37	3,818,000				2000-07-01	2,900,000
아테네 / 그리스	97	3,730,000	684	0.18	789,166	39			2001-03-18	3,750,000
몬트리올 / 캐나다	98	3,360,000	1,676	0.68			3,666,280	4,047	2006-07-01	3,725,000
평양 / 북한	99	3,330,000	207	0.61	2,741,260				31-12-1993	3,725,000
부산 (부산) / 한국	100	3,510,000	259	−0.33	3,554,003	765			2006-07-01	3,700,000
포르 탈 레자 / 브라질	101	3,160,000	725	1.21	2,416,920	336			2005-07-01	3,650,000
케이프 타운 / 남아 프리카 공화국	102	2,900,000	686	1.02	987,007				1996-10-10	3,650,000
살바도르 / 브라질	103	2,980,000	389	0.95	2,714,018	313			2005-07-01	3,625,000
요코하마 / 일본	104'				3,579,628	437			2005-10-01	
더반 / 남아 프리카 공화국	105	3,070,000	829	1.17	669,242				1996-10-10	3,550,000
칸푸르 / 인도	106	3,030,000	142	1.70	2,532,138	267	2,690,486	299	2001-03-01	3,550,000
Medellín / 콜롬비아	107	3,080,000	189	1.40			2,238,626	387	2006-07-01	3,525,000
반둥 / 인도네시아	108	3,470,000	401	1.84	2,231,139	1,670			2003-07-01	3,175,000
대련 (Dairen) / 중국	109	2,270,000	570	1.57	3,245,191				2000-11-01	3,450,000
쿠리티바 / 브라질	110	2,900,000	842	1.74	1,788,559	427			2005-07-01	3,450,000
아크라 / 가나	111	2,000,000	453	2.85	1,658,937				2000-03-26	3,450,000
미네 아 폴리스 (미네소타) / 미국	112	2,570,000	2,316	0.91	372,811	142			2005-07-01	3,425,000
루안다 / 앙골라	113	3,410,000	363	4.35			1,822,407		1993-07-01	2,975,000
창춘 / 중국	114	2,440,000	376	1.87	3,225,557				2000-11-01	3,400,000
하노이 (베트남) / 베트남	115	3,370,000	194	2.38	1,073,760	46			1992-07-01	2,250,000
Ji'nan / 중국	116	2,230,000	350	1.35	2,999,934				2000-11-01	3,350,000
키예프 (우크라이나) / 우크라이나	117	2,520,000	544	0.18	2,625,094	834			2005-01-01	3,350,000
청도 (Tsingtao) / 중국	118	3,330,000	440	1.32	2,720,972				2000-11-01	3,250,000
나이로비 / 케냐	119	3,020,000	479	3.80	2,948,109	696			2006-07-01	3,325,000
로마 / 이탈리아	120	2,740,000	855	−0.07	2,626,640	1,308			2006-07-01	3,325,000
제다 (Jiddah) / 사우디 아라비아	121	3,020,000	842	1.93	2,801,481				2004-09-15	3,275,000
Ibadan / 나이지리아	122				1,835,300				1991-11-26	3,275,000
카노 / 나이지리아	123	2,950,000	199	2.61	2,166,554				1991-11-26	3,225,000
아디스 아바바 / 이디오피아	124	3,020,000	228	3.83	2,646,000				2002-07-01	3,200,000
Faisalabad (Lyallpur) / 파키스탄	125	2,510,000	168	2.81	2,008,861				1998-03-02	3,200,000
복주 (복건) / 중국	126'				2,124,435				2000-11-01	3,200,000
텔아비브 - Yafo / 이스라엘	127	2,530,000	453	1.22	381,650	52			2006-07-01	3,175,000
쿤밍 / 중국	128'				3,035,406				2000-11-01	3,150,000
자이푸르 / 인도	129	2,690,000	168	2.26	2,324,319	200			2001-03-01	3,150,000
산토도밍고 / 도미니카 공화국	130	2,220,000	246	1.78	2,677,056				2001-07-01	3,150,000
타이 위안 / 중국	131'				2,558,382				2000-11-01	3,150,000
나폴리 (나폴리) / 이탈리아	132	3,010,000	777	0.04	979,690	117			2006-07-01	3,100,000
다르 에스 살람 / 탄자니아	133	2,700,000	324	3.84	1,360,850				1988-08-28	3,100,000
정저우 / 중국	134'				2,589,387				2000-11-01	3,100,000
라왈핀디 / 파키스탄	135	2,450,000	233	2.85	1,409,768				1998-03-02	3,075,000
카불 / 아프가 니스탄	136	3,000,000	259	4.47	1,424,400				1988-07-01	2,825,000
구이양 / 중국	137'				2,985,105				2000-11-01	2,350,000
수라바야 / 인도네시아	138	2,850,000	376	1.84	2,689,728	351			2003-07-01	2,975,000
샌디에고 (CA)을 / 미국	139	2,790,000	2,026	0.52	1,255,540	844			2005-07-01	2,975,000
디마 슈크 / 시리아	140	2,240,000	207	2.30	1,675,000				2000-07-01	2,975,000
리스본 / 포르투갈	141	2,340,000	881	0.58	514,773	85			2006-07-01	2,950,000
암만 / 요르단	142	2,530,000	344	1.21	1,152,540				31-12-2006	2,900,000
러크나우 / 인도	143	2,560,000	130	1.73	2,207,340	310	2,266,933	338	2001-03-01	2,875,000
캄피나스 / 브라질	144	2,400,000	958	1.39	1,059,420	781			2005-07-01	2,875,000
세인트 루이스 (미주리) / 미국	145	2,160,000	2,147	0.48	344,362	160			2005-07-01	2,850,000
이즈미르 / 터키	146	2,480,000	272	1.51			2,299,584		2003-07-01	2,825,000
Zibo / 중국	147'				2,817,479				2000-11-01	2,300,000
탐파 (플로리다) / 미국	148	2,310,000	2,078	1.44	325,989	303			2005-07-01	2,800,000
덴버 (콜로라도) / 미국	149	2,180,000	1,292	1.17	557,917	397			2005-07-01	2,800,000
클리블랜드 (오하이오) / 미국	150				452,208	201			2005-07-01	2,800,000
카오슝 / 중국	151	2,630,000	363	1.30	1,468,586				1999-07-01	2,775,000
카토 비체 / 폴란드	152	2,450,000	725	−0.01	315,996	165			2006-07-01	2,775,000
나구 푸르 / 인도	153	2,390,000	114	1.70	2,051,320	217	2,122,965	229	2001-03-01	2,750,000
전시용 / 콜롬비아	154	2,190,000	155	1.44			2,144,953	552	2006-07-01	2,750,000
올랜도 (플로리다) / 미국	155				213,223	260			2005-07-01	2,725,000
타이중 / 중국	156	2,700,000	492	1.93	930,175				1999-07-01	2,250,000
과테말라 시티 / 과테말라	157				1,022,001	228			2001-07-01	2,700,000
산 후안 / 푸에르 토리코	158				426,618	124			2006-07-01	2,700,000
산 후안 / 필리핀	159	2,380,000	2,309	0.91	117,680	6			2000-10-01	2,700,000
다카르 / 세네갈	160	2,650,000	181	2.98	879,703	500	1,976,533		1999-07-01	2,600,000
메단 / 인도네시아	161	2,300,000	246	1.79	1,983,659	265			2003-07-01	2,650,000
스투 트가 르트 / 독일	162				582,443	207			1999-07-01	2,650,000
마슈 (메쉬) / 이란	163	2,490,000	207	1.91	2,070,604				2003-07-01	2,625,000
대구 (대구) / 한국	164	2,390,000	181	−0.03	2,484,022	884			2006-07-01	2,625,000
창사 / 중국	165	2,390,000	389	2.27	2,122,873				2000-11-01	2,625,000
인천 / 한국	166'				2,596,317	1,002			2006-07-01	
함부르크 / 독일	167				1,704,735	755			1999-07-01	2,575,000
버밍엄 [] / 영국	168	2,310,000	600	0.17						2,550,000
과야킬 / 에쿠아도르	169	2,530,000	220	1.90	2,090,039	193			2003-07-01	2,475,000
삿포로 / 일본	170	2,130,000	648	0.06	1,880,863	1,121			2005-10-01	2,500,000
소주 (안후이) / 중국	171				1,601,181				2000-11-01	2,500,000
콜롬보 / 스리랑카	172				615,000				1990-07-01	2,500,000
콜롬보 / 브라질	173	2,160,000	223	1.13	231,787				2005-07-01	2,500,000
맨체스터 / 영국	174	2,250,000	558	0.04			2,244,931		2001-04-29	2,475,000
포르 - 누구나 - 프린스 / 아이티	175	2,250,000	171	2.86	990,558	21			1999-07-01	2,475,000
조양 (광동) / 중국	176'				2,470,812				2000-11-01	
타슈켄트 / 우즈 베키스탄	177	2,450,000	531	1.22	2,137,218				2001-07-01	2,350,000
파트나 / 인도	178	2,030,000	83	2.51	1,376,950	107	1,707,429	129	2001-03-01	2,425,000
PRETORIA / 남아 프리카 공화국	179				692,348				1996-10-10	2,425,000
후쿠오카 / 일본	180	2,230,000	583	0.11	1,401,279	341			2005-10-01	2,400,000
와쏘우 / 폴란드	181	2,020,000	544	0.16	1,700,536	517			2006-07-01	2,375,000
세부 / 필리핀	182				718,821	281			2000-10-01	2,375,000
중산 / 중국	183'				2,363,322				2000-11-01	2,000,000
스자좡 / 중국	184	2,270,000	363	2.26	1,969,975				2000-11-01	2,350,000
우루무치 / 중국	185				1,753,298				2000-11-01	2,350,000
피츠버그 (펜실바니아) / 미국	186				316,718	144			2005-07-01	2,350,000
밴쿠버 / 캐나다	187	2,060,000	1,178	0.89			2,236,068	2,879	2006-07-01	2,325,000
프랑 크푸르트 암 마인 / 독일	188	2,320,000	673	0.39	643,821	248			1999-07-01	1,930,000
난창 / 중국	189	2,310,000	155	2.49	1,844,253				2000-11-01	2,175,000
란저우 / 중국	190'				2,087,759				2000-11-01	2,300,000
마라 카 이보 / 베네수엘라	191				1,706,547	604			1998-07-01	2,300,000
새크라멘토 (캘리포니아) / 미국	192				456,441	252			2005-07-01	2,300,000
서쪽 Midlands / 영국	193'						2,284,093		2001-04-29	
튀니스 / 튀니지	194	2,270,000	363	1.55	702,330				1998-07-01	2,275,000
부다페스트 / 헝가리	195				1,697,117	525			2006-07-01	2,275,000
라아나바 / 쿠바	196	2,190,000	285	−0.07	2,174,790	727			2006-07-01	2,250,000
하라레 / 짐바브웨	197				1,435,784	872			2002-08-17	2,250,000
천주 / 중국	198				1,192,286				2000-11-01	2,250,000
안샨 / 중국	199				1,556,285				2000-11-01	2,225,000
belem / 브라질	200				1,428,368	736			2005-07-01	2,225,000